2.34
543.345
0.342
46.434
453.45
102.32
34.342
367.67
706.453
504.43
54.567
65.356
3.45
45.86
36.45
80.4323
63.67
89.86380
74.29
79.849
78.40
98.44
80.839
98.8398
11.6051
72.11839
91.5751 
55.6152
93.01
9.142
52.51
29.11
65.793
81.487
18.8535
76.844
15.637
76.0479
11.062
44.0969
96.624
60.226
43.6416
47.156 
29.92106
55.2464
30.945
30.2354
88.8611
15.1552
935.42
150.45
924.7
758.22
478.58
0.512
876.578
954.3830
160.844
820.7092
548.093
44.886
483.77
358.871
176.479
283.526
647.545
68.630
319.55806
181.91
512.969
193.394
644.339
796.8355
463.5
289.54
249.1328
363.21278
174.2132978
725.281
195.72
393.57
529.52
30.5932
27.38
904.31403
830.038
844.677
229.898
691.346
387.608
677.989
551.55
147.79
708.416
613.4
871.4
468.6
887.9
437.577
